20230001
20230002
20230003
20230004
20230005
20230006
20230007
20230008
20230009
20230010
20230011
20230012
20230013
20230014
20230015
20230016
20230017
20230018
20230019
20230020
20230021
20230022
20230023
20230024
20230025
20230026
20230027
20230028
20230029
20230030
20230031
20230032
20230033
20230034
20230035
20230036
20230037
20230038
20230039
20230040
20230041
20230042
20230043
20230044
20230045
20230046
20230047
20230048
20230049
20230050
20230051
20230052
20230053
20230054
20230055
20230056
20230057
20230058
20230059
20230060
20230061
20230062
20230063
20230064
20230065
20230066
20230067
20230068
20230069
20230070
20230071
20230072
20230073
20230074
20230075
20230076
20230077
20230078
20230079
20230080
20230081
20230082
20230083
20230084
20230085
20230086
20230087
20230088
20230089
20230090
20230091
20230092
20230093
20230094
20230095
20230096
20230097
20230098
20230099
20230100
20230101
20230102
20230103
20230104
20230105
20230106
20230107
20230108
20230109
20230110
20230111
20230112
20230113
20230114
20230115
20230116
20230117
20230118
20230119
20230120
20230121
20230122
20230123
20230124
20230125
20230126
20230127
20230128
20230129
20230130
20230131
20230132
20230133
20230134
20230135
20230136
20230137
20230138
20230139
20230140
20230141
20230142
20230143
20230144
20230145
20230146
20230147
20230148
20230149
20230150
20230151
20230152
20230153
20230154
20230155
20230156
20230157
20230158
20230159
20230160
20230161
20230162
20230163
20230164
20230165
20230166
20230167
20230168
20230169
20230170
20230171
20230172
20230173
20230174
20230175
20230176
20230177
20230178
20230179
20230180
20230181
20230182
20230183
20230184
20230185
20230186
20230187
20230188
20230189
20230190
20230191
20230192
20230193
20230194
20230195
20230196
20230197
20230198
20230199
20230200
